The inputr is Inp1 with just first message; This is stage6_log. 
0 1 2 2001 5
1 2 3 2001 4
1 2 6 2001 4
2 3 4 2001 3
2 3 5 2001 3
3 4 6 2001 2
3 5 6 2001 2
2 6 4 2001 3
2 6 5 2001 3
2 6 7 2001 3
2 6 8 2001 3
2 6 9 2001 3
6 7 10 2001 2
6 8 10 2001 2
6 9 10 2001 2
7 10 8 2001 1
7 10 9 2001 1
8 10 7 2001 1
8 10 9 2001 1
4 6 2 2001 1
4 6 5 2001 1
4 6 7 2001 1
4 6 8 2001 1
4 6 9 2001 1
6 5 3 2001 2
6 4 3 2001 2
5 3 2 2001 1
5 3 4 2001 1
4 3 2 2001 1
4 3 5 2001 1
5 6 2 2001 1
5 6 4 2001 1
5 6 7 2001 1
5 6 8 2001 1
5 6 9 2001 1
9 10 7 2001 1
9 10 8 2001 1
